              precision    recall  f1-score   support

       ['a']     0.0000    0.0000    0.0000        53
       ['c']     0.7308    0.6441    0.6847        59
       ['d']     0.3913    0.1957    0.2609       322
       ['g']     0.2000    0.0175    0.0323        57
       ['h']     0.0000    0.0000    0.0000        25
       ['m']     0.6393    0.8478    0.7290        46
       ['n']     0.4702    0.8937    0.6162       574
       ['o']     0.2000    0.0070    0.0136       142
     unknown     0.3478    0.0656    0.1103       122

    accuracy                         0.4736      1400
   macro avg     0.3311    0.2968    0.2719      1400
weighted avg     0.3933    0.4736    0.3778      1400
